1:
(, 6.5, 6.5, 2.0, 2.0, 0.0018359078247657634, 0.0018359078247657634, 0.0005064573309698658, 0.0005064573309698658, )
2:


(, 17.5, 18.5, 2.0, 3.0, 0.003156233561283535, 0.0033315798702437316, 0.0003506926179203928, 0.0005260389268805891, )
3:


(, 749.3, 749.8, 1.0, 1.0, 0.3646117166212534, 0.36478201634877383, 0.00017029972752043596, 0.00017029972752043596, )
4:
(, 19.0, 19.0, 19.0, 19.0, 0.0041975654120610046, 0.0041975654120610046, 0.0041975654120610046, 0.0041975654120610046, )
5:
(, -1, -1, 10000000, 10000000, -1, -1, 10000000, 10000000, )
6:
(, 1282.0, 1282.0, 1282.0, 1282.0, 0.8422939068100358, 0.8422939068100358, 0.8422939068100358, 0.8422939068100358, )
7:
(, 10.0, 10.0, 10.0, 10.0, 0.002264685067232838, 0.002264685067232838, 0.002264685067232838, 0.002264685067232838, )
8:


(, 266.5, 268.0, 22.0, 25.0, 0.0771299179167846, 0.07755448627228984, 0.006793093688083782, 0.007642230399094254, )
9:


(, 17.666666666666668, 19.666666666666668, 1.0, 1.0, 0.005478416926419194, 0.006046863189720332, 0.00028336639274582036, 0.0002834467120181406, )
10:


(, 177.0, 181.0, 177.0, 181.0, 0.02733791455034359, 0.027939638428208576, 0.02733791455034359, 0.027939638428208576, )
11:
ranking is better
percentage is better
(, 1110.2222222222224, 1107.111111111111, 860.5, 858.5, 3.3630196936542673, 3.3627343693003575, 0.9238512035010941, 0.9236156708251259, )
12:
percentage is better

(, 170.7, 170.7, 2.0, 2.0, 0.14634234234234234, 0.14636871508379887, 0.00036036036036036037, 0.0003604253018561903, )
13:


(, 53.333333333333336, 55.0, 18.0, 19.0, 0.011082525232535128, 0.011348640802322514, 0.0035622402533148625, 0.00395882818685669, )
14:

(, 2.0, 2.0, 2.0, 2.0, 0.00043153049482163404, 0.00043159257660768235, 0.00043153049482163404, 0.00043159257660768235, )
15:
(, 2.0, 2.0, 2.0, 2.0, 0.011428571428571429, 0.011428571428571429, 0.011428571428571429, 0.011428571428571429, )
16:

(, 1.0, 1.0, 1.0, 1.0, 0.001003296545793321, 0.0010034403669724771, 0.001003296545793321, 0.0010034403669724771, )
17:
ranking is better
percentage is better

(, 177.0, 176.83333333333334, 1.0, 1.0, 0.05577940065474692, 0.05575146935348447, 0.0002518257365902795, 0.00025188916876574307, )
18:
percentage is better


(, 572.5, 573.0, 2.0, 3.0, 0.41435450584728273, 0.41444954128440364, 0.0009172208209126347, 0.0011467889908256881, )
19:

(, 170.0, 170.0, 170.0, 170.0, 0.029966508020447737, 0.029971791255289138, 0.029966508020447737, 0.029971791255289138, )
20:
percentage is better

(, 357.75, 357.75, 4.0, 4.0, 0.24868697478991597, 0.24868674487830503, 0.0014005602240896359, 0.0014008054631413063, )
21:
(, -1, -1, 10000000, 10000000, -1, -1, 10000000, 10000000, )
22:

(, 16.0, 16.0, 16.0, 16.0, 0.0034587116299178555, 0.0034594594594594594, 0.0034587116299178555, 0.0034594594594594594, )
23:

(, 10.0, 10.0, 10.0, 10.0, 0.03556117787616839, 0.035583684950773554, 0.026565464895635674, 0.026582278481012658, )
24:
ranking is better
percentage is better
(, 2085.0, 2084.0, 2085.0, 2084.0, 0.7621643723592749, 0.7621319520174482, 0.7621643723592749, 0.7621319520174482, )
25:
(, 195.0, 195.0, 195.0, 195.0, 0.03484631879914225, 0.03484631879914225, 0.03484631879914225, 0.03484631879914225, )
26:
(, -1, -1, 10000000, 10000000, -1, -1, 10000000, 10000000, )
27:


(, 326.0, 327.0, 326.0, 327.0, 0.0621307072515667, 0.06232091690544413, 0.061951656222023276, 0.06214183381088825, )
